#### Statistiques descriptives
stat.descriptives<-structure(list(A = c(386, 684, 823, 1293, 1139, 156, 425, 729, 
                                        232, 657, 205, 474, 634, 387, 1157, 841, 410, 757, 768, 987, 
                                        583, 982, 1198, 1173, 701, 934, 983, 588, 1453, 930, 728, 1374, 
                                        1250, 1448, 975, 1114, 1115, 941, 1034, 258, 735, 396, 180, 576, 
                                        1388, 577, 177, 647, 866, 880), 
                                  B = c(95, 22, 180, 47, 145, 18, 
                                        27, 46, 94, 16, 200, 64, 107, 116, 138, 182, 149, 65, 193, 89, 
                                        71, 57, 17, 39, 188, 148, 85, 112, 225, 25, 76, 24, 54, 163, 
                                        80, 29, 148, 43, 5, 246, 190, 230, 33, 55, 194, 204, 41, 246, 
                                        145, 49), 
                                  C = c(0.306, 0.397, 0.644, 0.163, 0.802, 0.608, 0.249, 
                                        0.839, 0.32, 0.19, 0.561, 0.613, 0.496, 0.96, 0.942, 0.982, 0.182, 
                                        0.693, 0.821, 0.291, 0.43, 0.188, 0.814, 0.091, 0.205, 0.9, 0.078, 
                                        0.784, 0.901, 0.321, 0.577, 0.474, 0.359, 0.063, 0.025, 0.873, 
                                        0.405, 0.808, 0.932, 0.351, 0.038, 0.176, 0.043, 0.71, 0.423, 
                                        0.123, 0.208, 0.525, 0.939, 0.134), 
                                  D = structure(c(2L, 2L, 2L, 2L, 2L, 2L, 2L, 2L, 2L, 2L, 2L, 2L, 1L, 2L, 1L, 2L, 1L, 2L, 1L, 
                                                  2L, 1L, 2L, 1L, 2L, 1L, 2L, 1L, 2L, 1L, 2L, 1L, 2L, 1L, 2L, 1L, 
                                                  2L, 1L, 2L, 1L, 1L, 1L, 1L, 1L, 1L, 1L, 1L, 1L, 1L, 1L, 1L), levels = c("cheveux_clairs", 
                                                                                                                          "Cheveux_foncés"), class = "factor"), E = c(8, 5, 14, 11, 13, 
                                                                                                                                                                      8, 11, 8, 11, 5, 13, 11, 4, 11, 1, 6, 7, 14, 1, 13, 3, 8, 3, 
                                                                                                                                                                      9, 6, 9, 6, 8, 10, 11, 6, 5, 7, 15, 7, 11, 2, 8, 8, 8, 4, 1, 
                                                                                                                                                                      8, 4, 7, 2, 1, 5, 9, 5), F = structure(c(3L, 2L, 1L, 3L, 2L, 
                                                                                                                                                                                                               1L, 3L, 2L, 1L, 3L, 2L, 1L, 3L, 2L, 2L, 1L, 1L, 3L, 3L, 2L, 2L, 
                                                                                                                                                                                                               1L, 1L, 3L, 3L, 2L, 2L, 1L, 1L, 3L, 3L, 2L, 2L, 1L, 1L, 3L, 3L, 
                                                                                                                                                                                                               2L, 1L, 3L, 2L, 1L, 3L, 2L, 1L, 3L, 2L, 1L, 3L, 2L), levels = c("ambidextre", 
                                                                                                                                                                                                                                                                               "droitier", "gaucher"), class = "factor"), G = c(839, 2423, 1599, 
                                                                                                                                                                                                                                                                                                                                629, 2338, 3014, 558, 1401, 2070, 280, 3572, 1355, 3863, 1397, 
                                                                                                                                                                                                                                                                                                                                4577, 305, 3658, 4134, 1438, 2272, 3616, 4348, 169, 3799, 1646, 
                                                                                                                                                                                                                                                                                                                                2132, 4238, 2538, 4339, 1824, 2925, 2308, 4804, 1644, 4889, 934, 
                                                                                                                                                                                                                                                                                                                                4138, 80, 3732, 4294, 3303, 1865, 2528, 1414, 175, 4283, 1883, 
                                                                                                                                                                                                                                                                                                                                1486, 4510, 4966), X = structure(c(1L, 1L, 1L, 1L, 1L, 1L, 1L, 
                                                                                                                                                                                                                                                                                                                                                                   1L, 1L, 1L, 1L, 1L, 2L, 2L, 2L, 2L, 2L, 2L, 2L, 2L, 2L, 2L, 2L, 
                                                                                                                                                                                                                                                                                                                                                                   2L, 2L, 2L, 2L, 2L, 2L, 2L, 2L, 2L, 2L, 2L, 2L, 2L, 2L, 2L, 3L, 
                                                                                                                                                                                                                                                                                                                                                                   3L, 3L, 3L, 3L, 3L, 3L, 3L, 3L, 3L, 3L, 3L), levels = c("bleu", 
                                                                                                                                                                                                                                                                                                                                                                                                                           "jaune", "rouge"), class = "factor"),